8006872
1636381
1501238
1470297
1457793
1344702
1389289
1445302
1410334
1510682
1468135
1475482
1148285
1376628
1429043
3100211
2606255
1203565
1382776
1506714
2987715
1236589
1170320
1176127
2067247
1555063
1484076
1263020
1816937
1367846
1150932
1387063
1439865
1168759
1398585
1257446
1396731
3512258
1232926
1282425
1478639
1883551
1448841
1311469
1430439
1724950
1655606
1589273
1281214
1428400
1530936
1776272
1245554
1325772
2038866
1282148
1322053
1523148
1671610
1572179
1430780
1327103
1270808
1134979
1150359
1267366
1333344
1283402
1255466
1318104
1221754
1248401
1442629
1310176
2243576
1565138
1320695
1249261
1232344
1520543
1564364
1852784
1212753
1368450
1377378
1701697
1351201
1755142
1720727
2987737
3181222
4052327
1800057
1420745
1480358
1438986
1569766
1509721
1237012
1451424
1222002
1357432
1285369
1323396
1228467
1448613
1793167
1275967
1659640
1306528
1332911
1832355
1558928
1383348
1602823
1362781
1176238
1403214
1519576
1374869
3228252
1103392
1577987
1752895
1565395
1279777
1302684
1363777
1414673
1474213
1170887
2419251
1336744
1492323
1326921
1424896
1221969
1515548
1395925
1695225
1277972
2358245
1390091
1610595
1507815
1586867
1354503
1406096
1529348
1467971
1174246
1354454
1631835
1350762
1543050
1298573
1645530
1210391
1496204
1525837
1123420
2134896
