257850307
224729036
217226164
221322077
223588621
225055577
239946324
224495359
219646810
217628635
234904395
227319378
224241517
228495696
225841154
217755834
220690439
218484114
217527331
217701585
261624363
217406423
218062944
216388275
216911294
221001450
219497672
236614677
217954166
222420779
235750035
224229229
225830214
225142784
230846948
218052696
216380773
222031331
213540302
214041369
228799099
223721291
213120349
224750711
220350769
221411561
215673031
216349780
234493353
216145829
236820933
211751602
219140947
214807460
214928941
223637338
219693735
213055239
213141890
220500546
240030951
211671996
227174164
214215829
214807540
217180759
217179087
217369043
213767596
219479835
227115967
215499019
217474738
215189435
215810220
216060363
227875407
215997976
216235749
214350462
232218599
221156959
215822187
219688955
219576705
217092516
212597359
217675592
215537683
214534446
234174945
214472680
212692733
215949790
215943843
213384802
217162459
215672942
216220790
218788094
257899548
216174477
215067371
216731069
223899797
214092113
220020933
216437759
216441174
212540581
220253618
230216251
216222354
216122528
217160422
220210058
212253816
212906746
226560064
223705338
219207711
220042387
216038359
214625965
215059717
216271609
213421831
216236775
217450623
212170369
216751165
225052630
223767562
215025194
233676840
215909305
213539208
216827540
211655326
221934975
215545060
229763830
213818730
216494266
216005392
212648743
215509929
214360048
212857861
219447303
213867499
239403787
212918675
216041347
217478329
211040601
214274873
214259815
220637268
216746306
215801262
232753922
