1055623
2319479
1991875
1631459
1797339
1567136
1627844
1757509
1515521
1920584
1664232
1458052
1735008
1594709
1715802
1712974
1704162
1836582
1637315
1637049
2060990
1626099
1725458
1757848
2154500
1747799
1825413
1916336
1855861
1482820
1818820
1725221
1489746
1181711
1829401
1811862
1696540
1640569
1507711
1800258
1730329
1755681
1763414
1689450
1735142
1774991
1955706
2196967
1551805
1803922
1650222
1707156
1941307
1635562
1939313
1878548
1835648
1762051
1816666
1854078
1217769
1740880
1830893
1723338
1969589
1709338
1808901
1770352
1854972
1864613
1832258
1888315
1989783
1693567
1768998
1742148
1740681
1750030
2090569
1897263
1615422
1798310
1812247
1809192
2131174
1750085
1892171
1825797
1997054
1856087
1694123
1734192
1937945
1693413
1803812
1747946
1861650
1862356
1755610
1408792
1782698
1700302
1788342
1811821
2442895
1744762
1495685
1875694
1684728
1840696
2177964
2055887
1710169
1816571
1714031
1727207
1726089
1915509
1804934
1836542
1658941
1839480
2083736
1892714
1918635
1824524
1715916
1763660
1715329
1776425
1941369
2027171
2051188
1750108
1701002
1718192
1829767
1948964
2067977
1264124
2171798
1712230
2141882
1834754
1905127
2049681
1928991
1981315
1682087
1690917
1624799
1849149
1338873
1445233
2088882
1872723
1701207
2287554
1739840
1622341
2262361
