1084424
299977231
300471621
435842
300094074
298873181
298269295
297163725
299348034
299421307
302056182
298783753
298750895
299106265
1432693
784435
300529247
298988650
299098669
618716
317520
299676925
296815527
353050
301570810
300207185
300310081
175857
300081247
298956657
299320944
297411110
301364369
297348346
299818633
300137464
1865381
299156514
299404254
300433646
300425362
299178311
299033779
299811274
299228523
365363
300224245
299704749
298850404
300066551
192410
300318970
299117713
250862
301463757
300263738
299136237
298112752
298942475
37995
297172904
302166032
298323908
299749840
300547949
297886324
301973910
299052374
299105515
298637461
299028996
299523475
298154557
408855
300062611
299048448
298586592
299576385
299171632
299611624
442345
299553698
299584954
299545893
299837796
298397891
298241381
301269136
1174935
1191686
2319914
300650117
299433115
299286359
299997653
299916387
304147033
294983983
299808908
298558775
298860488
298304757
301154503
298507005
299998389
299445444
299316242
300242603
298857158
299483235
301159734
298711903
299171339
188652
297908317
299894761
297320163
303984590
298176263
988991
299059260
65707
300349544
299839643
299209597
298602264
299458397
298373826
299446681
299193111
553818
297296707
299763414
299450287
299602051
298599712
297995553
301347387
298015515
300915802
224956
297255661
300192304
298813873
299995466
300520791
75876
300299055
300263975
298567411
299530984
300162879
297299475
299891420
299504531
299219887
298914566
302442294
297273972
298108009
304160437
