62573
132094
59937
114869
68677
175103
90520
89985
68923
55694
151483
82846
131772
72574
80255
84828
109789
136089
79065
48760
51860
126776
86438
106850
80704
85058
69609
105916
119473
96491
86986
96265
61063
109518
82138
116957
79358
116254
137691
79507
71737
77599
100360
99531
117041
75402
125891
115683
83945
104145
100758
82845
100478
85789
107587
62469
118569
72688
82127
95654
113362
90961
84308
59099
102753
28925
128315
86080
91543
120163
102566
91333
51163
102448
71025
86086
109319
117829
50679
74390
105074
122659
58601
118278
93465
114394
84748
94077
118714
60519
111631
91948
83979
98255
84679
125607
96785
59416
92370
91441
32238
80458
122741
72752
118310
85306
110338
93097
158383
98240
81851
113647
86950
34775
34709
94134
108826
88971
115697
109105
122174
80271
133199
175567
108823
107195
125318
87503
97907
122504
114680
66698
103580
76561
94014
87493
97567
32975
97665
91573
91676
64031
111575
73356
81299
69036
37525
136855
106250
79225
54522
75269
116745
86937
144320
87064
106629
119072
83064
114990
47943
