47067
57306
82316
41315
75738
43119
90658
67626
67667
56574
54531
126045
28620
52153
46359
30213
58870
99897
65823
73891
42776
48048
45886
71846
92842
75678
66658
43288
101634
48516
75131
68223
52209
55568
62522
73929
60273
31039
70556
76741
74196
69205
73327
95256
53579
56020
29855
60501
108901
78683
65078
56395
69501
51047
71767
73087
58128
78581
50917
37542
52429
54687
80013
78528
55773
89501
25266
79766
74103
73415
58301
68373
81044
42555
96361
62359
51700
62331
113393
34891
36493
59515
77002
55084
77292
89354
104226
79794
48225
44405
32189
57747
70822
54371
55874
78862
81043
64545
56095
77731
79161
27416
74351
80906
55326
79434
80019
53880
59383
85858
72287
57951
59515
75553
29111
29682
90689
65242
48462
76944
103941
112601
75354
68801
94107
52101
82910
117693
81317
93107
79019
91079
54746
56257
32177
71911
81823
93060
27449
76645
78456
54948
48657
66697
51929
28984
53428
32494
86161
49044
74625
49516
27792
104691
81467
106897
82660
53822
53644
30586
64048
43008
