42691116
75537600
86527091
80270337
77863833
74609389
60476851
74012993
81201359
83955125
68756501
72739200
76591353
70754867
77054059
84510001
81532915
81601278
82952591
84954621
39249831
84092025
79985108
84915525
86087776
80822144
82198154
64749427
82886124
77764106
64891011
74619893
76773341
73409865
69900757
83725126
88890795
78755655
87216790
87927711
72836864
76908437
87383066
76304262
80131631
80191925
85553985
84946178
66354445
85216966
64419053
89686478
81187816
84494343
87922834
78167828
80953659
86614425
87250960
83422241
58249526
91703559
72664354
86912891
87008022
82142029
85969428
83313320
86813769
80926303
73644255
85741019
82354553
88635179
85635240
84538121
72189721
85128498
84313699
86742950
69742095
79550568
85276300
81453334
81891587
83318961
86965210
85276105
86365189
89516485
68678149
87542982
88254923
84982245
85594521
88122034
88679124
80777790
85303298
81152421
42198822
83541684
87496807
83421537
77775969
87511735
80714809
85160204
83944337
88521891
81851481
70428879
84571681
84918989
81981630
81199142
86460500
92601966
72899172
78602820
81553889
81656942
85555543
87459493
85870980
83916060
87629763
83493017
83375785
88877091
87147073
73875879
77592507
85896165
67715614
84240321
85927613
86143696
87957310
80915759
88614509
69284230
87798931
84308250
85336445
89197282
83442064
87045172
88997929
80624175
87043265
62118744
85699666
84931238
83334151
89793167
86175742
89541358
78205719
82774196
89680864
