40101466
73556910
84042249
77704740
75904954
72771568
58629231
71946225
79228444
81998081
66695724
71204839
74800280
68837348
73325543
81305219
79905503
79588734
80866342
81397002
36405239
82456319
78220965
82219318
83783199
78764785
80430297
62290907
80760063
76234110
62896179
72511689
75306189
71628340
67973969
81758931
84720236
76909439
85433130
85647305
70341750
74880914
85472980
74353849
77967574
77632154
83381945
82931024
64375200
83040868
62124338
87952759
79359576
81858548
85945607
76182032
78883387
84219427
85113641
81065765
56525476
89861710
70977085
85137135
85005368
80238737
84089676
81666712
85092304
79083674
71701885
83591313
80315695
85901617
83484732
82872950
70444300
83521113
82079402
84332115
67321847
77725942
83409062
79463296
79518181
81633704
84661517
82938975
82807996
85963231
64136226
85140053
86149402
82953600
83503540
85911035
86541888
78963792
83266083
79609787
40416275
81752949
85662835
81857128
75652301
85059613
78990359
82955887
82118748
86571846
79413072
68201275
82698923
82394926
80102196
79659403
84517067
90538848
70932759
74907598
80039621
79341048
83115017
85289937
84239960
81899439
85948912
81629636
81204398
87224337
84251412
72102883
75254075
83949537
65719230
82458016
83712080
84031189
85680340
79216089
85947573
67272872
85598613
82178237
83009460
86983066
81134084
84898698
87045511
79028388
85176185
59848179
84018411
82918820
81306429
87574157
84463947
87146562
76248075
81369705
86921955
