22701
41925
40303
26131
42852
59869
67327
57972
65253
81486
45628
63225
42938
33273
98259
57951
42743
40153
39898
28659
70515
36723
57446
41874
70704
46653
43503
25140
47978
50537
32476
39249
40276
46704
47149
44969
54545
54630
61276
45416
51350
66899
67016
42687
52280
26186
52820
55939
53059
47717
22023
56708
61120
28156
78094
49433
41927
76631
62631
31932
42679
50807
44856
41297
45394
58458
41650
49502
68315
52177
51226
50669
75520
36391
45956
45900
55321
46783
47653
83306
22610
52566
103923
48767
63020
40956
42417
70392
33054
30736
42823
63028
56938
50292
46819
42462
56733
47475
63867
41759
47051
48323
40852
47778
77355
68759
52061
51330
40663
38498
104375
43182
56164
38391
43646
47592
50388
71844
52894
35850
56136
31649
31522
48536
58738
42439
38358
36629
38271
49350
66198
73154
65823
45975
81720
40753
39169
40434
76774
60966
44441
56597
46730
47669
42162
60291
39760
42911
55937
45957
82542
69522
54624
93643
48741
45038
48132
43179
38128
42805
68445
