43214
52820
78965
40136
69434
65453
68553
41501
26723
53689
44956
68839
26546
48106
39445
26493
23994
47049
67021
68878
40336
44341
44259
27651
50093
72287
25365
38286
55941
47824
28871
23554
47782
23554
29832
27878
59180
28917
69518
28685
69770
50072
27821
52451
26849
26438
26718
41088
70534
70849
51280
51875
26251
47796
28028
24290
55985
71777
47540
27807
48920
28320
38445
74047
52880
52243
23412
72184
25931
31434
47400
65537
70522
33604
46759
25864
49795
27146
47265
28951
29675
56187
70561
52905
69510
70168
50650
72278
40230
38504
29251
53585
27383
52815
25360
72892
73071
42865
25567
36508
29435
23796
67846
72713
28066
72043
75049
25400
26548
84082
25732
48988
49601
28880
27243
28733
53278
52257
43400
70581
49955
68177
71949
27723
69198
49717
75557
42643
73324
50587
71838
71424
50120
53080
28989
25849
75185
28696
28342
52881
31940
50741
40908
60713
50145
24760
47260
31216
77662
41684
70741
46858
24800
32327
29548
73332
76030
23492
50852
26416
28025
38366
