21819
21974
159937
53507
29265
54142
51902
27611
26380
27855
27359
24307
56333
84831
28065
53407
26737
27448
64865
27790
44462
48230
52338
73006
52003
28466
50868
30390
30064
41588
47334
90348
28309
29552
52655
42486
53642
74833
81672
42707
47869
27446
26251
26559
27773
26128
56514
67576
26453
53596
73805
29918
71258
52698
26349
24772
54835
49278
28854
62459
54079
29956
26465
23435
68009
48624
37485
52317
71183
25530
65364
76142
81834
26150
27639
44422
43404
27620
71371
57284
45920
31818
27655
76564
49192
39859
54098
31737
49552
25091
72303
49213
26563
54271
47872
50455
53720
45546
42318
76246
32394
29831
26204
51586
75284
35663
54658
66697
85304
25507
27524
68994
53683
45754
49982
61771
50195
73750
44894
23404
54272
29061
55149
53117
60642
70221
51560
57584
51058
25709
73559
76824
52636
57870
25612
48307
64442
52532
53302
52526
58128
27487
45143
28117
50918
55330
53128
72820
73836
45260
27301
62714
24990
71205
25988
50674
60484
28103
74697
52065
37555
48404
