6238376
1869475
1582938
1420745
1699692
1407456
1326996
1389586
1430135
1399940
1449686
1188873
1801398
1241061
1274334
2901667
2553330
1435831
2149979
1212328
1761927
1216154
1261121
1278354
1432671
1594298
1419799
1344590
1259140
1214817
1383250
1717444
1240611
1409699
1414128
1445205
1793979
3442120
1303123
1430235
1382804
1574853
1430689
1340744
1544984
1101285
1345166
1380738
1196252
2070210
1347136
1230282
1383498
1515488
1587606
1305418
1230924
1231691
1520774
1681149
1281033
1464338
1255703
1208776
1205073
1761165
1514072
1250435
1603121
1359015
1552383
1239966
1246282
1255120
2297389
1839662
1267829
1286020
1578465
1292070
1321857
1446938
1596739
1274782
1575798
1770537
1384269
1173261
1395383
2410569
3204890
6162103
2227190
1516334
1440383
1375136
1523503
1345117
1651546
1295279
1387538
1323922
1487583
1396857
1314151
1412041
1748142
1631957
1343541
1298528
1440701
1312318
1338340
1468201
1650146
1605823
1626384
1628043
1469236
1632504
3726065
1262940
1153572
1356642
1201147
1197063
1438272
1313570
1689084
1317382
1455471
1621341
1487036
1284327
1289693
1249205
1302172
1290489
1363573
1350822
1275549
1415650
1309763
1100674
1458644
1215505
1345340
1280032
1244511
1229695
1498239
1420781
1322463
1392958
1388448
1417134
1204343
1211110
1423466
1575126
1407691
1294945
